KTX 282 202012170555 202012170704
KTX 284 202012170637 202012170745
KTX 102 202012170647 202012170751
KTX 104 202012170653 202012170757
KTX 106 202012170717 202012170827
KTX 286 202012170728 202012170840
KTX 108 202012170754 202012170903
KTX 252 202012170820 202012170930
KTX 110 202012170838 202012170937
KTX 112 202012170908 202012171014
KTX 114 202012170948 202012171049
KTX 232 202012170953 202012171135
KTX 254 202012171011 202012171116
KTX 116 202012171018 202012171122
KTX 118 202012171028 202012171126
KTX 120 202012171038 202012171147
KTX 122 202012171057 202012171151
KTX 124 202012171127 202012171231
KTX 458 202012171133 202012171241
KTX 126 202012171153 202012171257
KTX 128 202012171236 202012171342
KTX 130 202012171338 202012171448
KTX 132 202012171407 202012171511
KTX 410 202012171429 202012171535
KTX 134 202012171442 202012171548
KTX 234 202012171449 202012171637
KTX 412 202012171518 202012171624
KTX 136 202012171538 202012171645
KTX 140 202012171612 202012171710
KTX 142 202012171632 202012171725
KTX 414 202012171647 202012171748
KTX 466 202012171652 202012171753
KTX 144 202012171717 202012171823
KTX 258 202012171731 202012171842
KTX 146 202012171758 202012171902
KTX 294 202012171805 202012171909
KTX 148 202012171822 202012171927
KTX 150 202012171832 202012171941
KTX 416 202012171852 202012171957
KTX 470 202012171918 202012172027
KTX 236 202012171924 202012172110
KTX 154 202012171939 202012172048
KTX 418 202012172001 202012172100
KTX 156 202012172012 202012172117
KTX 158 202012172033 202012172140
KTX 160 202012172058 202012172158
KTX 238 202012172122 202012172308
KTX 162 202012172142 202012172249
KTX 164 202012172217 202012172321
KTX 166 202012172239 202012172342
KTX 262 202012172244 202012172349
KTX 168 202012172310 202012180009
KTX 170 202012172314 202012180020
KTX 172 202012172331 202012180025
KTX 424 202012172336 202012180033
KTX 174 202012172340 202012180038
무궁화호 1312 202012170540 202012170754
무궁화호 1314 202012170620 202012170820
무궁화호 1302 202012170627 202012170843
무궁화호 1316 202012170753 202012171004
무궁화호 1202 202012170851 202012171056
무궁화호 1204 202012170909 202012171113
무궁화호 1304 202012171007 202012171203
무궁화호 1206 202012171038 202012171238
무궁화호 1232 202012171049 202012171253
무궁화호 1208 202012171121 202012171318
무궁화호 1210 202012171331 202012171531
무궁화호 1212 202012171402 202012171557
무궁화호 1214 202012171510 202012171702
무궁화호 1216 202012171618 202012171810
무궁화호 1218 202012171703 202012171905
무궁화호 1308 202012171837 202012172042
무궁화호 1220 202012171902 202012172103
무궁화호 1318 202012172024 202012172229
무궁화호 1224 202012172148 202012172352
KTX-산천 452 202012170712 202012170813
KTX-산천 402 202012170712 202012170813
KTX-산천 404 202012170846 202012170951
KTX-산천 454 202012170846 202012170951
KTX-산천 456 202012171107 202012171206
KTX-산천 406 202012171107 202012171206
KTX-산천 292 202012171122 202012171221
KTX-산천 408 202012171227 202012171333
KTX-산천 460 202012171227 202012171333
KTX-산천 462 202012171401 202012171505
KTX-산천 9462 202012171401 202012171505
KTX-산천 464 202012171524 202012171634
KTX-산천 256 202012171524 202012171634
KTX-산천 468 202012171750 202012171855
KTX-산천 296 202012171840 202012171946
KTX-산천 152 202012171857 202012172002
KTX-산천 494 202012172020 202012172125
KTX-산천 472 202012172043 202012172154
KTX-산천 260 202012172043 202012172154
KTX-산천 420 202012172159 202012172305
KTX-산천 474 202012172300 202012180004
KTX-산천 422 202012172300 202012180004
ITX-새마을 1002 202012170921 202012171105
ITX-새마을 1004 202012171214 202012171354
ITX-새마을 1032 202012171245 202012171431
ITX-새마을 1006 202012171427 202012171610
ITX-새마을 1008 202012171633 202012171816
ITX-새마을 1010 202012171809 202012171953
ITX-새마을 1034 202012171938 202012172122
ITX-새마을 1012 202012172007 202012172147
ITX-새마을 1022 202012172049 202012172236
ITX-새마을 1014 202012172218 202012180001
KTX-산천 138 202012171553 202012171654
