KTX 122 202012141057 202012141151
KTX 124 202012141127 202012141231
KTX 458 202012141133 202012141241
KTX 126 202012141153 202012141257
KTX 128 202012141236 202012141342
KTX 130 202012141338 202012141448
KTX 132 202012141407 202012141511
KTX 410 202012141429 202012141535
KTX 134 202012141442 202012141548
KTX 234 202012141449 202012141637
KTX 412 202012141518 202012141624
KTX 136 202012141538 202012141645
KTX 140 202012141612 202012141710
KTX 142 202012141632 202012141725
KTX 414 202012141647 202012141748
KTX 466 202012141652 202012141753
KTX 144 202012141717 202012141823
KTX 258 202012141731 202012141842
KTX 146 202012141758 202012141902
KTX 294 202012141805 202012141909
KTX 148 202012141822 202012141927
KTX 150 202012141832 202012141941
KTX 416 202012141852 202012141957
KTX 470 202012141918 202012142027
KTX 236 202012141924 202012142110
KTX 154 202012141939 202012142048
KTX 418 202012142001 202012142100
KTX 156 202012142012 202012142117
KTX 158 202012142033 202012142140
KTX 160 202012142058 202012142158
KTX 238 202012142122 202012142308
KTX 162 202012142142 202012142249
KTX 164 202012142217 202012142321
KTX 166 202012142239 202012142342
KTX 262 202012142244 202012142349
KTX 168 202012142310 202012150009
KTX 170 202012142314 202012150020
KTX 172 202012142331 202012150025
KTX 424 202012142336 202012150033
KTX 174 202012142340 202012150038
무궁화호 1208 202012141121 202012141318
무궁화호 1210 202012141331 202012141531
무궁화호 1212 202012141402 202012141557
무궁화호 1214 202012141510 202012141702
무궁화호 1216 202012141618 202012141810
무궁화호 1218 202012141703 202012141905
무궁화호 1308 202012141837 202012142042
무궁화호 1220 202012141902 202012142103
무궁화호 1318 202012142024 202012142229
무궁화호 1224 202012142148 202012142352
KTX-산천 456 202012141107 202012141206
KTX-산천 406 202012141107 202012141206
KTX-산천 292 202012141122 202012141221
KTX-산천 408 202012141227 202012141333
KTX-산천 460 202012141227 202012141333
KTX-산천 462 202012141401 202012141505
KTX-산천 9462 202012141401 202012141505
KTX-산천 464 202012141524 202012141634
KTX-산천 256 202012141524 202012141634
KTX-산천 468 202012141750 202012141855
KTX-산천 296 202012141840 202012141946
KTX-산천 152 202012141857 202012142002
KTX-산천 494 202012142020 202012142125
KTX-산천 472 202012142043 202012142154
KTX-산천 260 202012142043 202012142154
KTX-산천 420 202012142159 202012142305
KTX-산천 422 202012142300 202012150004
KTX-산천 474 202012142300 202012150004
ITX-새마을 1004 202012141214 202012141354
ITX-새마을 1032 202012141245 202012141431
ITX-새마을 1006 202012141427 202012141610
ITX-새마을 1008 202012141633 202012141816
ITX-새마을 1010 202012141809 202012141953
ITX-새마을 1034 202012141938 202012142122
ITX-새마을 1012 202012142007 202012142147
ITX-새마을 1022 202012142049 202012142236
ITX-새마을 1014 202012142218 202012150001
KTX-산천 138 202012141553 202012141654
