KTX 124 202012031127 202012031231
KTX 458 202012031133 202012031241
KTX 126 202012031153 202012031257
KTX 128 202012031236 202012031342
KTX 130 202012031338 202012031448
KTX 132 202012031407 202012031511
KTX 410 202012031429 202012031535
KTX 134 202012031442 202012031548
KTX 234 202012031449 202012031637
KTX 412 202012031518 202012031624
KTX 136 202012031538 202012031645
KTX 140 202012031612 202012031710
KTX 142 202012031632 202012031725
KTX 414 202012031647 202012031748
KTX 466 202012031652 202012031753
KTX 144 202012031717 202012031823
KTX 258 202012031731 202012031842
KTX 146 202012031758 202012031902
KTX 294 202012031805 202012031909
KTX 148 202012031822 202012031927
KTX 150 202012031832 202012031941
KTX 416 202012031852 202012031957
KTX 470 202012031918 202012032027
KTX 236 202012031924 202012032110
KTX 154 202012031939 202012032048
KTX 418 202012032001 202012032100
KTX 156 202012032012 202012032117
KTX 158 202012032033 202012032140
KTX 160 202012032058 202012032158
KTX 238 202012032122 202012032308
KTX 162 202012032142 202012032249
KTX 164 202012032217 202012032321
KTX 166 202012032239 202012032342
KTX 262 202012032244 202012032349
KTX 168 202012032310 202012040009
KTX 170 202012032314 202012040020
KTX 172 202012032331 202012040025
KTX 424 202012032336 202012040033
KTX 174 202012032340 202012040038
무궁화호 1208 202012031121 202012031318
무궁화호 1306 202012031309 202012031508
무궁화호 1210 202012031331 202012031531
무궁화호 1212 202012031402 202012031557
무궁화호 1214 202012031510 202012031702
무궁화호 1216 202012031618 202012031810
무궁화호 1218 202012031703 202012031905
무궁화호 1308 202012031837 202012032042
무궁화호 1220 202012031902 202012032103
무궁화호 1318 202012032024 202012032229
무궁화호 1222 202012032135 202012032330
무궁화호 1224 202012032148 202012032352
KTX-산천 456 202012031107 202012031206
KTX-산천 292 202012031122 202012031221
KTX-산천 460 202012031227 202012031333
KTX-산천 9462 202012031401 202012031505
KTX-산천 464 202012031524 202012031634
KTX-산천 468 202012031750 202012031855
KTX-산천 296 202012031840 202012031946
KTX-산천 152 202012031857 202012032002
KTX-산천 494 202012032020 202012032125
KTX-산천 472 202012032043 202012032154
KTX-산천 420 202012032159 202012032305
KTX-산천 422 202012032300 202012040004
ITX-새마을 1004 202012031214 202012031354
ITX-새마을 1032 202012031245 202012031431
ITX-새마을 1006 202012031427 202012031610
ITX-새마을 1008 202012031633 202012031816
ITX-새마을 1010 202012031809 202012031953
ITX-새마을 1034 202012031938 202012032122
ITX-새마을 1012 202012032007 202012032147
ITX-새마을 1022 202012032049 202012032236
ITX-새마을 1014 202012032218 202012040001
KTX-산천 138 202012031553 202012031654
