KTX 282 202012040555 202012040704
KTX 284 202012040637 202012040745
KTX 102 202012040647 202012040751
KTX 104 202012040653 202012040757
KTX 106 202012040717 202012040827
KTX 286 202012040728 202012040840
KTX 108 202012040754 202012040903
KTX 204 202012040807 202012040910
KTX 252 202012040820 202012040930
KTX 110 202012040838 202012040937
KTX 112 202012040908 202012041014
KTX 206 202012040928 202012041039
KTX 114 202012040948 202012041049
KTX 232 202012040953 202012041135
KTX 254 202012041011 202012041116
KTX 116 202012041018 202012041122
KTX 118 202012041028 202012041126
KTX 120 202012041038 202012041147
KTX 122 202012041057 202012041151
KTX 208 202012041122 202012041221
KTX 124 202012041127 202012041231
KTX 458 202012041133 202012041241
KTX 126 202012041153 202012041257
KTX 128 202012041236 202012041342
KTX 130 202012041338 202012041448
KTX 132 202012041407 202012041511
KTX 410 202012041429 202012041535
KTX 134 202012041442 202012041548
KTX 234 202012041449 202012041637
KTX 210 202012041454 202012041604
KTX 412 202012041518 202012041624
KTX 136 202012041538 202012041645
KTX 138 202012041553 202012041654
KTX 140 202012041612 202012041710
KTX 142 202012041632 202012041725
KTX 212 202012041640 202012041737
KTX 414 202012041647 202012041748
KTX 466 202012041652 202012041753
KTX 242 202012041656 202012041845
KTX 144 202012041717 202012041823
KTX 258 202012041731 202012041842
KTX 146 202012041758 202012041902
KTX 214 202012041805 202012041909
KTX 148 202012041822 202012041927
KTX 150 202012041832 202012041941
KTX 216 202012041840 202012041946
KTX 416 202012041852 202012041957
KTX 470 202012041918 202012042027
KTX 236 202012041924 202012042110
KTX 154 202012041939 202012042048
KTX 418 202012042001 202012042100
KTX 156 202012042012 202012042117
KTX 158 202012042033 202012042140
KTX 160 202012042058 202012042158
KTX 274 202012042111 202012042212
KTX 220 202012042117 202012042221
KTX 238 202012042122 202012042308
KTX 162 202012042142 202012042249
KTX 164 202012042217 202012042321
KTX 166 202012042239 202012042342
KTX 262 202012042244 202012042349
KTX 168 202012042310 202012050009
KTX 170 202012042314 202012050020
KTX 172 202012042331 202012050025
KTX 424 202012042336 202012050033
KTX 174 202012042340 202012050038
무궁화호 1312 202012040540 202012040754
무궁화호 1314 202012040620 202012040820
무궁화호 1302 202012040627 202012040843
무궁화호 1316 202012040753 202012041004
무궁화호 1202 202012040851 202012041056
무궁화호 1204 202012040909 202012041113
무궁화호 1304 202012041007 202012041203
무궁화호 1206 202012041038 202012041238
무궁화호 1232 202012041049 202012041253
무궁화호 1208 202012041121 202012041318
무궁화호 1306 202012041309 202012041508
무궁화호 1210 202012041331 202012041531
무궁화호 1212 202012041402 202012041557
무궁화호 1214 202012041510 202012041702
무궁화호 1216 202012041618 202012041810
무궁화호 1218 202012041703 202012041905
무궁화호 1308 202012041837 202012042042
무궁화호 1230 202012041902 202012042103
무궁화호 1318 202012042024 202012042229
무궁화호 1222 202012042135 202012042330
무궁화호 1224 202012042148 202012042352
KTX-산천 452 202012040712 202012040813
KTX-산천 454 202012040846 202012040951
KTX-산천 456 202012041107 202012041206
KTX-산천 272 202012041205 202012041304
KTX-산천 408 202012041227 202012041333
KTX-산천 442 202012041347 202012041453
KTX-산천 256 202012041524 202012041634
KTX-산천 448 202012041750 202012041855
KTX-산천 152 202012041857 202012042002
KTX-산천 492 202012042020 202012042125
KTX-산천 472 202012042043 202012042154
KTX-산천 420 202012042159 202012042305
KTX-산천 446 202012042231 202012042335
KTX-산천 474 202012042300 202012050004
ITX-새마을 1002 202012040921 202012041105
ITX-새마을 1004 202012041214 202012041354
ITX-새마을 1032 202012041245 202012041431
ITX-새마을 1006 202012041427 202012041610
ITX-새마을 1008 202012041633 202012041816
ITX-새마을 1010 202012041809 202012041953
ITX-새마을 1034 202012041938 202012042122
ITX-새마을 1012 202012042007 202012042147
ITX-새마을 1022 202012042049 202012042236
ITX-새마을 1014 202012042218 202012050001
KTX-산천 482 202012041401 202012041505
