KTX 120 202012161038 202012161147
KTX 122 202012161057 202012161151
KTX 124 202012161127 202012161231
KTX 458 202012161133 202012161241
KTX 126 202012161153 202012161257
KTX 128 202012161236 202012161342
KTX 130 202012161338 202012161448
KTX 132 202012161407 202012161511
KTX 410 202012161429 202012161535
KTX 134 202012161442 202012161548
KTX 234 202012161449 202012161637
KTX 412 202012161518 202012161624
KTX 136 202012161538 202012161645
KTX 140 202012161612 202012161710
KTX 142 202012161632 202012161725
KTX 414 202012161647 202012161748
KTX 466 202012161652 202012161753
KTX 144 202012161717 202012161823
KTX 258 202012161731 202012161842
KTX 146 202012161758 202012161902
KTX 294 202012161805 202012161909
KTX 148 202012161822 202012161927
KTX 150 202012161832 202012161941
KTX 416 202012161852 202012161957
KTX 470 202012161918 202012162027
KTX 236 202012161924 202012162110
KTX 154 202012161939 202012162048
KTX 418 202012162001 202012162100
KTX 156 202012162012 202012162117
KTX 158 202012162033 202012162140
KTX 160 202012162058 202012162158
KTX 238 202012162122 202012162308
KTX 162 202012162142 202012162249
KTX 164 202012162217 202012162321
KTX 166 202012162239 202012162342
KTX 262 202012162244 202012162349
KTX 168 202012162310 202012170009
KTX 170 202012162314 202012170020
KTX 172 202012162331 202012170025
KTX 424 202012162336 202012170033
KTX 174 202012162340 202012170038
무궁화호 1206 202012161038 202012161238
무궁화호 1232 202012161049 202012161253
무궁화호 1208 202012161121 202012161318
무궁화호 1210 202012161331 202012161531
무궁화호 1212 202012161402 202012161557
무궁화호 1214 202012161510 202012161702
무궁화호 1216 202012161618 202012161810
무궁화호 1218 202012161703 202012161905
무궁화호 1308 202012161837 202012162042
무궁화호 1220 202012161902 202012162103
무궁화호 1318 202012162024 202012162229
무궁화호 1224 202012162148 202012162352
KTX-산천 456 202012161107 202012161206
KTX-산천 406 202012161107 202012161206
KTX-산천 292 202012161122 202012161221
KTX-산천 460 202012161227 202012161333
KTX-산천 408 202012161227 202012161333
KTX-산천 462 202012161401 202012161505
KTX-산천 9462 202012161401 202012161505
KTX-산천 256 202012161524 202012161634
KTX-산천 464 202012161524 202012161634
KTX-산천 468 202012161750 202012161855
KTX-산천 296 202012161840 202012161946
KTX-산천 152 202012161857 202012162002
KTX-산천 494 202012162020 202012162125
KTX-산천 472 202012162043 202012162154
KTX-산천 260 202012162043 202012162154
KTX-산천 420 202012162159 202012162305
KTX-산천 474 202012162300 202012170004
KTX-산천 422 202012162300 202012170004
ITX-새마을 1004 202012161214 202012161354
ITX-새마을 1032 202012161245 202012161431
ITX-새마을 1006 202012161427 202012161610
ITX-새마을 1008 202012161633 202012161816
ITX-새마을 1010 202012161809 202012161953
ITX-새마을 1034 202012161938 202012162122
ITX-새마을 1012 202012162007 202012162147
ITX-새마을 1022 202012162049 202012162236
ITX-새마을 1014 202012162218 202012170001
KTX-산천 138 202012161553 202012161654
