새마을호 4874 202012022034 202012022149
무궁화호 1422 202012020636 202012020812
무궁화호 1502 202012020944 202012021111
무궁화호 1402 202012021022 202012021149
무궁화호 1442 202012021132 202012021303
무궁화호 1404 202012021204 202012021334
무궁화호 1504 202012021220 202012021349
무궁화호 1424 202012021255 202012021421
무궁화호 1506 202012021421 202012021550
무궁화호 1406 202012021452 202012021621
무궁화호 1508 202012021526 202012021653
ITX-새마을 1112 202012020830 202012020948
ITX-새마을 1114 202012021105 202012021216
ITX-새마을 1122 202012021147 202012021257
ITX-새마을 1102 202012021358 202012021509
ITX-새마을 1116 202012021551 202012021709
ITX-새마을 1124 202012021840 202012021950
ITX-새마을 1104 202012021950 202012022104
ITX-새마을 1118 202012022055 202012022213
