KTX 101 202011270515 202011270610
KTX 103 202011270530 202011270630
KTX 105 202011270600 202011270701
KTX 107 202011270635 202011270731
KTX 453 202011270645 202011270745
KTX 109 202011270700 202011270806
KTX 111 202011270730 202011270830
KTX 113 202011270750 202011270846
KTX 231 202011270757 202011270938
KTX 115 202011270800 202011270858
무궁화호 1201 202011270556 202011270803
무궁화호 1203 202011270638 202011270835
무궁화호 1205 202011270710 202011270913
무궁화호 1207 202011270810 202011271010
무궁화호 1209 202011270956 202011271204
무궁화호 1301 202011271041 202011271241
무궁화호 1211 202011271115 202011271319
무궁화호 1311 202011271205 202011271413
무궁화호 1213 202011271316 202011271511
무궁화호 1215 202011271426 202011271626
KTX-산천 449 202011270505 202011270559
KTX-산천 403 202011270540 202011270646
KTX-산천 441 202011270605 202011270711
KTX-산천 455 202011270815 202011270917
KTX-산천 119 202011270935 202011271038
KTX-산천 459 202011271045 202011271151
KTX-산천 131 202011271300 202011271401
KTX-산천 447 202011271430 202011271530
KTX-산천 491 202011271510 202011271612
KTX-산천 415 202011271620 202011271720
ITX-새마을 1001 202011270616 202011270756
ITX-새마을 1021 202011270704 202011270852
ITX-새마을 1031 202011270853 202011271037
ITX-새마을 1003 202011270916 202011271100
ITX-새마을 1005 202011271105 202011271248
ITX-새마을 1007 202011271145 202011271331
ITX-새마을 1009 202011271403 202011271547
ITX-새마을 1011 202011271555 202011271735
ITX-새마을 1033 202011271914 202011272059
ITX-새마을 1013 202011272025 202011272205
KTX-산천 487 202011270925 202011271026
