KTX 253 202012101305 202012101407
KTX 133 202012101320 202012101421
KTX 135 202012101330 202012101431
KTX 413 202012101345 202012101439
KTX 293 202012101355 202012101450
KTX 137 202012101400 202012101500
KTX 465 202012101435 202012101534
KTX 141 202012101500 202012101606
KTX 143 202012101540 202012101640
KTX 145 202012101600 202012101655
KTX 235 202012101611 202012101750
KTX 147 202012101630 202012101727
KTX 149 202012101700 202012101800
KTX 255 202012101715 202012101810
KTX 151 202012101725 202012101826
KTX 153 202012101800 202012101856
KTX 419 202012101805 202012101905
KTX 155 202012101815 202012101915
KTX 157 202012101830 202012101932
KTX 257 202012101840 202012101947
KTX 237 202012101855 202012102040
KTX 159 202012101900 202012102005
KTX 161 202012101935 202012102031
KTX 163 202012102000 202012102106
KTX 165 202012102030 202012102120
KTX 259 202012102050 202012102150
KTX 167 202012102100 202012102200
KTX 169 202012102130 202012102230
KTX 261 202012102135 202012102241
KTX 171 202012102200 202012102300
KTX 173 202012102230 202012102331
KTX 281 202012102300 202012110006
KTX 283 202012102330 202012110036
무궁화호 1213 202012101316 202012101511
무궁화호 1215 202012101426 202012101626
무궁화호 1217 202012101506 202012101710
무궁화호 1231 202012101544 202012101743
무궁화호 1303 202012101615 202012101817
무궁화호 1305 202012101640 202012101838
무궁화호 1313 202012101650 202012101856
무궁화호 1219 202012101740 202012101940
무궁화호 1221 202012101811 202012102011
무궁화호 1223 202012101923 202012102121
무궁화호 1307 202012101949 202012102155
무궁화호 1315 202012102010 202012102219
무궁화호 1317 202012102255 202012110054
KTX-산천 131 202012101300 202012101401
KTX-산천 295 202012101415 202012101511
KTX-산천 139 202012101430 202012101530
KTX-산천 493 202012101510 202012101612
KTX-산천 467 202012101620 202012101720
KTX-산천 417 202012101735 202012101835
KTX-산천 421 202012102040 202012102145
KTX-산천 423 202012102210 202012102305
KTX-산천 473 202012102220 202012102320
ITX-새마을 1009 202012101403 202012101547
ITX-새마을 1011 202012101555 202012101735
ITX-새마을 1033 202012101914 202012102059
ITX-새마을 1013 202012102025 202012102205
