KTX 101 202012030515 202012030610
KTX 103 202012030530 202012030630
KTX 105 202012030600 202012030701
KTX 107 202012030635 202012030731
KTX 453 202012030645 202012030745
KTX 109 202012030700 202012030806
KTX 111 202012030730 202012030830
KTX 113 202012030750 202012030846
KTX 231 202012030757 202012030938
KTX 115 202012030800 202012030858
KTX 405 202012030825 202012030926
KTX 117 202012030900 202012030950
KTX 407 202012030905 202012031006
KTX 251 202012030945 202012031048
KTX 121 202012031000 202012031101
KTX 409 202012031005 202012031106
KTX 233 202012031017 202012031157
KTX 125 202012031100 202012031201
KTX 127 202012031200 202012031301
KTX 129 202012031230 202012031331
KTX 463 202012031240 202012031336
KTX 411 202012031250 202012031350
KTX 253 202012031305 202012031407
KTX 133 202012031320 202012031421
KTX 135 202012031330 202012031431
KTX 413 202012031345 202012031439
KTX 293 202012031355 202012031450
KTX 137 202012031400 202012031500
KTX 465 202012031435 202012031534
KTX 141 202012031500 202012031606
KTX 143 202012031540 202012031640
KTX 145 202012031600 202012031655
KTX 235 202012031611 202012031750
KTX 147 202012031630 202012031727
KTX 149 202012031700 202012031800
KTX 255 202012031715 202012031810
KTX 151 202012031725 202012031826
KTX 153 202012031800 202012031856
KTX 419 202012031805 202012031905
KTX 155 202012031815 202012031915
KTX 157 202012031830 202012031932
KTX 257 202012031840 202012031947
KTX 237 202012031855 202012032040
KTX 159 202012031900 202012032005
KTX 161 202012031935 202012032031
KTX 163 202012032000 202012032106
KTX 165 202012032030 202012032120
KTX 259 202012032050 202012032150
KTX 167 202012032100 202012032200
KTX 169 202012032130 202012032230
KTX 261 202012032135 202012032241
KTX 171 202012032200 202012032300
KTX 173 202012032230 202012032331
KTX 281 202012032300 202012040006
KTX 283 202012032330 202012040036
무궁화호 1201 202012030556 202012030803
무궁화호 1203 202012030638 202012030835
무궁화호 1205 202012030710 202012030913
무궁화호 1207 202012030810 202012031010
무궁화호 1209 202012030956 202012031204
무궁화호 1301 202012031041 202012031241
무궁화호 1211 202012031115 202012031319
무궁화호 1311 202012031205 202012031413
무궁화호 1213 202012031316 202012031511
무궁화호 1215 202012031426 202012031626
무궁화호 1217 202012031506 202012031710
무궁화호 1231 202012031544 202012031743
무궁화호 1303 202012031615 202012031817
무궁화호 1305 202012031640 202012031838
무궁화호 1313 202012031650 202012031856
무궁화호 1219 202012031740 202012031940
무궁화호 1221 202012031811 202012032011
무궁화호 1223 202012031923 202012032121
무궁화호 1307 202012031949 202012032155
무궁화호 1315 202012032010 202012032219
무궁화호 1317 202012032255 202012040054
KTX-산천 401 202012030505 202012030559
KTX-산천 451 202012030540 202012030646
KTX-산천 291 202012030605 202012030711
KTX-산천 455 202012030815 202012030917
KTX-산천 457 202012030925 202012031026
KTX-산천 119 202012030935 202012031038
KTX-산천 459 202012031045 202012031151
KTX-산천 461 202012031300 202012031401
KTX-산천 295 202012031415 202012031511
KTX-산천 139 202012031430 202012031530
KTX-산천 493 202012031510 202012031612
KTX-산천 467 202012031620 202012031720
KTX-산천 417 202012031735 202012031835
KTX-산천 421 202012032040 202012032145
KTX-산천 423 202012032210 202012032305
KTX-산천 473 202012032220 202012032320
ITX-새마을 1001 202012030616 202012030756
ITX-새마을 1021 202012030704 202012030852
ITX-새마을 1031 202012030853 202012031037
ITX-새마을 1003 202012030916 202012031100
ITX-새마을 1005 202012031105 202012031248
ITX-새마을 1007 202012031145 202012031331
ITX-새마을 1009 202012031403 202012031547
ITX-새마을 1011 202012031555 202012031735
ITX-새마을 1033 202012031914 202012032059
ITX-새마을 1013 202012032025 202012032205
KTX-산천 123 202012031030 202012031133
