KTX 409 202012081005 202012081106
KTX 233 202012081017 202012081157
KTX 125 202012081100 202012081201
KTX 127 202012081200 202012081301
KTX 129 202012081230 202012081331
KTX 463 202012081240 202012081336
KTX 411 202012081250 202012081350
KTX 253 202012081305 202012081407
KTX 133 202012081320 202012081421
KTX 135 202012081330 202012081431
KTX 413 202012081345 202012081439
KTX 293 202012081355 202012081450
KTX 137 202012081400 202012081500
KTX 465 202012081435 202012081534
KTX 141 202012081500 202012081606
KTX 143 202012081540 202012081640
KTX 145 202012081600 202012081655
KTX 235 202012081611 202012081750
KTX 147 202012081630 202012081727
KTX 149 202012081700 202012081800
KTX 255 202012081715 202012081810
KTX 151 202012081725 202012081826
KTX 153 202012081800 202012081856
KTX 419 202012081805 202012081905
KTX 155 202012081815 202012081915
KTX 157 202012081830 202012081932
KTX 257 202012081840 202012081947
KTX 237 202012081855 202012082040
KTX 159 202012081900 202012082005
KTX 161 202012081935 202012082031
KTX 163 202012082000 202012082106
KTX 165 202012082030 202012082120
KTX 259 202012082050 202012082150
KTX 167 202012082100 202012082200
KTX 169 202012082130 202012082230
KTX 261 202012082135 202012082241
KTX 171 202012082200 202012082300
KTX 173 202012082230 202012082331
KTX 281 202012082300 202012090006
KTX 283 202012082330 202012090036
무궁화호 1301 202012081041 202012081241
무궁화호 1211 202012081115 202012081319
무궁화호 1311 202012081205 202012081413
무궁화호 1213 202012081316 202012081511
무궁화호 1215 202012081426 202012081626
무궁화호 1217 202012081506 202012081710
무궁화호 1231 202012081544 202012081743
무궁화호 1303 202012081615 202012081817
무궁화호 1305 202012081640 202012081838
무궁화호 1313 202012081650 202012081856
무궁화호 1219 202012081740 202012081940
무궁화호 1221 202012081811 202012082011
무궁화호 1223 202012081923 202012082121
무궁화호 1307 202012081949 202012082155
무궁화호 1315 202012082010 202012082219
무궁화호 1317 202012082255 202012090054
KTX-산천 459 202012081045 202012081151
KTX-산천 461 202012081300 202012081401
KTX-산천 295 202012081415 202012081511
KTX-산천 139 202012081430 202012081530
KTX-산천 493 202012081510 202012081612
KTX-산천 415 202012081620 202012081720
KTX-산천 417 202012081735 202012081835
KTX-산천 421 202012082040 202012082145
KTX-산천 423 202012082210 202012082305
KTX-산천 473 202012082220 202012082320
ITX-새마을 1005 202012081105 202012081248
ITX-새마을 1007 202012081145 202012081331
ITX-새마을 1009 202012081403 202012081547
ITX-새마을 1011 202012081555 202012081735
ITX-새마을 1033 202012081914 202012082059
ITX-새마을 1013 202012082025 202012082205
KTX-산천 123 202012081030 202012081133
