KTX 101 202012040515 202012040610
KTX 103 202012040530 202012040630
KTX 105 202012040600 202012040701
KTX 107 202012040635 202012040731
KTX 453 202012040645 202012040745
KTX 109 202012040700 202012040806
KTX 111 202012040730 202012040830
KTX 113 202012040750 202012040846
KTX 231 202012040757 202012040938
KTX 115 202012040800 202012040858
KTX 405 202012040825 202012040926
KTX 117 202012040900 202012040950
KTX 407 202012040905 202012041006
KTX 251 202012040945 202012041048
KTX 121 202012041000 202012041101
KTX 409 202012041005 202012041106
KTX 273 202012041013 202012041119
KTX 233 202012041017 202012041157
KTX 123 202012041030 202012041133
KTX 125 202012041100 202012041201
KTX 127 202012041200 202012041301
KTX 129 202012041230 202012041331
KTX 463 202012041240 202012041336
KTX 411 202012041250 202012041350
KTX 253 202012041305 202012041407
KTX 133 202012041320 202012041421
KTX 135 202012041330 202012041431
KTX 413 202012041345 202012041439
KTX 203 202012041355 202012041450
KTX 137 202012041400 202012041500
KTX 205 202012041415 202012041511
KTX 465 202012041435 202012041534
KTX 207 202012041445 202012041547
KTX 141 202012041500 202012041606
KTX 143 202012041540 202012041640
KTX 145 202012041600 202012041655
KTX 235 202012041611 202012041750
KTX 147 202012041630 202012041727
KTX 149 202012041700 202012041800
KTX 255 202012041715 202012041810
KTX 151 202012041725 202012041826
KTX 153 202012041800 202012041856
KTX 419 202012041805 202012041905
KTX 155 202012041815 202012041915
KTX 157 202012041830 202012041932
KTX 257 202012041840 202012041947
KTX 237 202012041855 202012042040
KTX 159 202012041900 202012042005
KTX 211 202012041920 202012042018
KTX 161 202012041935 202012042031
KTX 243 202012041941 202012042125
KTX 275 202012041945 202012042046
KTX 213 202012041955 202012042056
KTX 163 202012042000 202012042106
KTX 215 202012042015 202012042115
KTX 165 202012042030 202012042120
KTX 259 202012042050 202012042150
KTX 167 202012042100 202012042200
KTX 169 202012042130 202012042230
KTX 261 202012042135 202012042241
KTX 171 202012042200 202012042300
KTX 173 202012042230 202012042331
KTX 217 202012042250 202012042345
KTX 281 202012042300 202012050006
KTX 283 202012042330 202012050036
무궁화호 1201 202012040556 202012040803
무궁화호 1203 202012040638 202012040835
무궁화호 1205 202012040710 202012040913
무궁화호 1207 202012040810 202012041010
무궁화호 1209 202012040956 202012041204
무궁화호 1301 202012041041 202012041241
무궁화호 1211 202012041115 202012041319
무궁화호 1311 202012041205 202012041413
무궁화호 1213 202012041316 202012041511
무궁화호 1215 202012041426 202012041626
무궁화호 1217 202012041506 202012041710
무궁화호 1231 202012041544 202012041743
무궁화호 1303 202012041615 202012041817
무궁화호 1305 202012041640 202012041838
무궁화호 1313 202012041650 202012041856
무궁화호 1219 202012041740 202012041940
무궁화호 1221 202012041811 202012042011
무궁화호 1223 202012041923 202012042121
무궁화호 1307 202012041949 202012042155
무궁화호 1315 202012042010 202012042219
무궁화호 1317 202012042255 202012050054
KTX-산천 495 202012040505 202012040559
KTX-산천 403 202012040540 202012040646
KTX-산천 441 202012040605 202012040711
KTX-산천 455 202012040815 202012040917
KTX-산천 445 202012040935 202012041038
KTX-산천 459 202012041045 202012041151
KTX-산천 461 202012041300 202012041401
KTX-산천 447 202012041430 202012041530
KTX-산천 443 202012041510 202012041612
KTX-산천 467 202012041620 202012041720
KTX-산천 469 202012041735 202012041835
KTX-산천 471 202012042040 202012042145
KTX-산천 423 202012042210 202012042305
KTX-산천 473 202012042220 202012042320
ITX-새마을 1001 202012040616 202012040756
ITX-새마을 1021 202012040704 202012040852
ITX-새마을 1031 202012040853 202012041037
ITX-새마을 1003 202012040916 202012041100
ITX-새마을 1005 202012041105 202012041248
ITX-새마을 1007 202012041145 202012041331
ITX-새마을 1009 202012041403 202012041547
ITX-새마을 1011 202012041555 202012041735
ITX-새마을 1033 202012041914 202012042059
ITX-새마을 1013 202012042025 202012042205
KTX-산천 487 202012040925 202012041026
