KTX 101 202012020515 202012020610
KTX 103 202012020530 202012020630
KTX 105 202012020600 202012020701
KTX 107 202012020635 202012020731
KTX 453 202012020645 202012020745
KTX 109 202012020700 202012020806
KTX 111 202012020730 202012020830
KTX 113 202012020750 202012020846
KTX 231 202012020757 202012020938
KTX 115 202012020800 202012020858
무궁화호 1201 202012020556 202012020803
무궁화호 1203 202012020638 202012020835
무궁화호 1205 202012020710 202012020913
무궁화호 1207 202012020810 202012021010
무궁화호 1209 202012020956 202012021204
무궁화호 1301 202012021041 202012021241
무궁화호 1211 202012021115 202012021319
무궁화호 1311 202012021205 202012021413
무궁화호 1213 202012021316 202012021511
무궁화호 1215 202012021426 202012021626
KTX-산천 401 202012020505 202012020559
KTX-산천 403 202012020540 202012020646
KTX-산천 291 202012020605 202012020711
KTX-산천 455 202012020815 202012020917
KTX-산천 9457 202012020925 202012021026
KTX-산천 119 202012020935 202012021038
KTX-산천 459 202012021045 202012021151
KTX-산천 461 202012021300 202012021401
KTX-산천 295 202012021415 202012021511
KTX-산천 139 202012021430 202012021530
ITX-새마을 1001 202012020616 202012020756
ITX-새마을 1021 202012020704 202012020852
ITX-새마을 1031 202012020853 202012021037
ITX-새마을 1003 202012020916 202012021100
ITX-새마을 1005 202012021105 202012021248
ITX-새마을 1007 202012021145 202012021331
ITX-새마을 1009 202012021403 202012021547
ITX-새마을 1011 202012021555 202012021735
ITX-새마을 1033 202012021914 202012022059
ITX-새마을 1013 202012022025 202012022205
KTX-산천 123 202012021030 202012021133
