KTX 101 202012010515 202012010610
KTX 103 202012010530 202012010630
KTX 105 202012010600 202012010701
KTX 107 202012010635 202012010731
KTX 453 202012010645 202012010745
KTX 109 202012010700 202012010806
KTX 111 202012010730 202012010830
KTX 113 202012010750 202012010846
KTX 231 202012010757 202012010938
KTX 115 202012010800 202012010858
무궁화호 1201 202012010556 202012010803
무궁화호 1203 202012010638 202012010835
무궁화호 1205 202012010710 202012010913
무궁화호 1207 202012010810 202012011010
무궁화호 1209 202012010956 202012011204
무궁화호 1301 202012011041 202012011241
무궁화호 1211 202012011115 202012011319
무궁화호 1311 202012011205 202012011413
무궁화호 1213 202012011316 202012011511
무궁화호 1215 202012011426 202012011626
KTX-산천 401 202012010505 202012010559
KTX-산천 451 202012010540 202012010646
KTX-산천 291 202012010605 202012010711
KTX-산천 455 202012010815 202012010917
KTX-산천 9457 202012010925 202012011026
KTX-산천 119 202012010935 202012011038
KTX-산천 459 202012011045 202012011151
KTX-산천 461 202012011300 202012011401
KTX-산천 295 202012011415 202012011511
KTX-산천 139 202012011430 202012011530
ITX-새마을 1001 202012010616 202012010756
ITX-새마을 1021 202012010704 202012010852
ITX-새마을 1031 202012010853 202012011037
ITX-새마을 1003 202012010916 202012011100
ITX-새마을 1005 202012011105 202012011248
ITX-새마을 1007 202012011145 202012011331
ITX-새마을 1009 202012011403 202012011547
ITX-새마을 1011 202012011555 202012011735
ITX-새마을 1033 202012011914 202012012059
ITX-새마을 1013 202012012025 202012012205
KTX-산천 123 202012011030 202012011133
