KTX 129 202012091230 202012091331
KTX 463 202012091240 202012091336
KTX 411 202012091250 202012091350
KTX 253 202012091305 202012091407
KTX 133 202012091320 202012091421
KTX 135 202012091330 202012091431
KTX 413 202012091345 202012091439
KTX 293 202012091355 202012091450
KTX 137 202012091400 202012091500
KTX 465 202012091435 202012091534
KTX 141 202012091500 202012091606
KTX 143 202012091540 202012091640
KTX 145 202012091600 202012091655
KTX 235 202012091611 202012091750
KTX 147 202012091630 202012091727
KTX 149 202012091700 202012091800
KTX 255 202012091715 202012091810
KTX 151 202012091725 202012091826
KTX 153 202012091800 202012091856
KTX 419 202012091805 202012091905
KTX 155 202012091815 202012091915
KTX 157 202012091830 202012091932
KTX 257 202012091840 202012091947
KTX 237 202012091855 202012092040
KTX 159 202012091900 202012092005
KTX 161 202012091935 202012092031
KTX 163 202012092000 202012092106
KTX 165 202012092030 202012092120
KTX 259 202012092050 202012092150
KTX 167 202012092100 202012092200
KTX 169 202012092130 202012092230
KTX 261 202012092135 202012092241
KTX 171 202012092200 202012092300
KTX 173 202012092230 202012092331
KTX 281 202012092300 202012100006
KTX 283 202012092330 202012100036
무궁화호 1311 202012091205 202012091413
무궁화호 1213 202012091316 202012091511
무궁화호 1215 202012091426 202012091626
무궁화호 1217 202012091506 202012091710
무궁화호 1231 202012091544 202012091743
무궁화호 1303 202012091615 202012091817
무궁화호 1305 202012091640 202012091838
무궁화호 1313 202012091650 202012091856
무궁화호 1219 202012091740 202012091940
무궁화호 1221 202012091811 202012092011
무궁화호 1223 202012091923 202012092121
무궁화호 1307 202012091949 202012092155
무궁화호 1315 202012092010 202012092219
무궁화호 1317 202012092255 202012100054
KTX-산천 461 202012091300 202012091401
KTX-산천 295 202012091415 202012091511
KTX-산천 139 202012091430 202012091530
KTX-산천 493 202012091510 202012091612
KTX-산천 415 202012091620 202012091720
KTX-산천 469 202012091735 202012091835
KTX-산천 421 202012092040 202012092145
KTX-산천 423 202012092210 202012092305
KTX-산천 473 202012092220 202012092320
ITX-새마을 1009 202012091403 202012091547
ITX-새마을 1011 202012091555 202012091735
ITX-새마을 1033 202012091914 202012092059
ITX-새마을 1013 202012092025 202012092205
