KTX 101 202011260515 202011260610
KTX 103 202011260530 202011260630
KTX 105 202011260600 202011260701
KTX 107 202011260635 202011260731
KTX 453 202011260645 202011260745
KTX 109 202011260700 202011260806
KTX 111 202011260730 202011260830
KTX 113 202011260750 202011260846
KTX 231 202011260757 202011260938
KTX 115 202011260800 202011260858
무궁화호 1201 202011260556 202011260803
무궁화호 1203 202011260638 202011260835
무궁화호 1205 202011260710 202011260913
무궁화호 1207 202011260810 202011261010
무궁화호 1209 202011260956 202011261204
무궁화호 1301 202011261041 202011261241
무궁화호 1211 202011261115 202011261319
무궁화호 1311 202011261205 202011261413
무궁화호 1213 202011261316 202011261511
무궁화호 1215 202011261426 202011261626
KTX-산천 401 202011260505 202011260559
KTX-산천 403 202011260540 202011260646
KTX-산천 291 202011260605 202011260711
KTX-산천 455 202011260815 202011260917
KTX-산천 457 202011260925 202011261026
KTX-산천 119 202011260935 202011261038
KTX-산천 459 202011261045 202011261151
KTX-산천 131 202011261300 202011261401
KTX-산천 295 202011261415 202011261511
KTX-산천 139 202011261430 202011261530
ITX-새마을 1001 202011260616 202011260756
ITX-새마을 1021 202011260704 202011260852
ITX-새마을 1031 202011260853 202011261037
ITX-새마을 1003 202011260916 202011261100
ITX-새마을 1005 202011261105 202011261248
ITX-새마을 1007 202011261145 202011261331
ITX-새마을 1009 202011261403 202011261547
ITX-새마을 1011 202011261555 202011261735
ITX-새마을 1033 202011261914 202011262059
ITX-새마을 1013 202011262025 202011262205
KTX-산천 123 202011261030 202011261133
