KTX 125 202012071100 202012071201
KTX 127 202012071200 202012071301
KTX 129 202012071230 202012071331
KTX 463 202012071240 202012071336
KTX 411 202012071250 202012071350
KTX 253 202012071305 202012071407
KTX 133 202012071320 202012071421
KTX 135 202012071330 202012071431
KTX 413 202012071345 202012071439
KTX 293 202012071355 202012071450
KTX 137 202012071400 202012071500
KTX 465 202012071435 202012071534
KTX 141 202012071500 202012071606
KTX 143 202012071540 202012071640
KTX 145 202012071600 202012071655
KTX 235 202012071611 202012071750
KTX 147 202012071630 202012071727
KTX 149 202012071700 202012071800
KTX 255 202012071715 202012071810
KTX 151 202012071725 202012071826
KTX 153 202012071800 202012071856
KTX 419 202012071805 202012071905
KTX 155 202012071815 202012071915
KTX 157 202012071830 202012071932
KTX 257 202012071840 202012071947
KTX 237 202012071855 202012072040
KTX 159 202012071900 202012072005
KTX 161 202012071935 202012072031
KTX 163 202012072000 202012072106
KTX 165 202012072030 202012072120
KTX 259 202012072050 202012072150
KTX 167 202012072100 202012072200
KTX 169 202012072130 202012072230
KTX 261 202012072135 202012072241
KTX 171 202012072200 202012072300
KTX 173 202012072230 202012072331
KTX 281 202012072300 202012080006
KTX 283 202012072330 202012080036
무궁화호 1301 202012071041 202012071241
무궁화호 1211 202012071115 202012071319
무궁화호 1311 202012071205 202012071413
무궁화호 1213 202012071316 202012071511
무궁화호 1215 202012071426 202012071626
무궁화호 1217 202012071506 202012071710
무궁화호 1231 202012071544 202012071743
무궁화호 1303 202012071615 202012071817
무궁화호 1305 202012071640 202012071838
무궁화호 1313 202012071650 202012071856
무궁화호 1219 202012071740 202012071940
무궁화호 1221 202012071811 202012072011
무궁화호 1223 202012071923 202012072121
무궁화호 1307 202012071949 202012072155
무궁화호 1315 202012072010 202012072219
무궁화호 1317 202012072255 202012080054
KTX-산천 459 202012071045 202012071151
KTX-산천 461 202012071300 202012071401
KTX-산천 295 202012071415 202012071511
KTX-산천 139 202012071430 202012071530
KTX-산천 493 202012071510 202012071612
KTX-산천 467 202012071620 202012071720
KTX-산천 417 202012071735 202012071835
KTX-산천 471 202012072040 202012072145
KTX-산천 423 202012072210 202012072305
KTX-산천 473 202012072220 202012072320
ITX-새마을 1005 202012071105 202012071248
ITX-새마을 1007 202012071145 202012071331
ITX-새마을 1009 202012071403 202012071547
ITX-새마을 1011 202012071555 202012071735
ITX-새마을 1033 202012071914 202012072059
ITX-새마을 1013 202012072025 202012072205
