KTX 233 202012161017 202012161157
KTX 125 202012161100 202012161201
KTX 127 202012161200 202012161301
KTX 129 202012161230 202012161331
KTX 463 202012161240 202012161336
KTX 411 202012161250 202012161350
KTX 253 202012161305 202012161407
KTX 133 202012161320 202012161421
KTX 135 202012161330 202012161431
KTX 413 202012161345 202012161439
KTX 293 202012161355 202012161450
KTX 137 202012161400 202012161500
KTX 465 202012161435 202012161534
KTX 141 202012161500 202012161606
KTX 143 202012161540 202012161640
KTX 145 202012161600 202012161655
KTX 235 202012161611 202012161750
KTX 147 202012161630 202012161727
KTX 149 202012161700 202012161800
KTX 255 202012161715 202012161810
KTX 151 202012161725 202012161826
KTX 153 202012161800 202012161856
KTX 419 202012161805 202012161905
KTX 155 202012161815 202012161915
KTX 157 202012161830 202012161932
KTX 257 202012161840 202012161947
KTX 237 202012161855 202012162040
KTX 159 202012161900 202012162005
KTX 161 202012161935 202012162031
KTX 163 202012162000 202012162106
KTX 165 202012162030 202012162120
KTX 259 202012162050 202012162150
KTX 167 202012162100 202012162200
KTX 169 202012162130 202012162230
KTX 261 202012162135 202012162241
KTX 171 202012162200 202012162300
KTX 173 202012162230 202012162331
KTX 281 202012162300 202012170006
KTX 283 202012162330 202012170036
무궁화호 1301 202012161041 202012161241
무궁화호 1211 202012161115 202012161319
무궁화호 1311 202012161205 202012161413
무궁화호 1213 202012161316 202012161511
무궁화호 1215 202012161426 202012161626
무궁화호 1217 202012161506 202012161710
무궁화호 1231 202012161544 202012161743
무궁화호 1303 202012161615 202012161817
무궁화호 1305 202012161640 202012161838
무궁화호 1313 202012161650 202012161856
무궁화호 1219 202012161740 202012161940
무궁화호 1221 202012161811 202012162011
무궁화호 1223 202012161923 202012162121
무궁화호 1315 202012162010 202012162219
무궁화호 1317 202012162255 202012170054
KTX-산천 459 202012161045 202012161151
KTX-산천 461 202012161300 202012161401
KTX-산천 131 202012161300 202012161401
KTX-산천 295 202012161415 202012161511
KTX-산천 139 202012161430 202012161530
KTX-산천 493 202012161510 202012161612
KTX-산천 415 202012161620 202012161720
KTX-산천 467 202012161620 202012161720
KTX-산천 417 202012161735 202012161835
KTX-산천 469 202012161735 202012161835
KTX-산천 421 202012162040 202012162145
KTX-산천 471 202012162040 202012162145
KTX-산천 423 202012162210 202012162305
KTX-산천 473 202012162220 202012162320
ITX-새마을 1005 202012161105 202012161248
ITX-새마을 1007 202012161145 202012161331
ITX-새마을 1009 202012161403 202012161547
ITX-새마을 1011 202012161555 202012161735
ITX-새마을 1033 202012161914 202012162059
ITX-새마을 1013 202012162025 202012162205
KTX-산천 123 202012161030 202012161133
