KTX 121 202012141000 202012141101
KTX 409 202012141005 202012141106
KTX 233 202012141017 202012141157
KTX 125 202012141100 202012141201
KTX 127 202012141200 202012141301
KTX 129 202012141230 202012141331
KTX 463 202012141240 202012141336
KTX 411 202012141250 202012141350
KTX 253 202012141305 202012141407
KTX 133 202012141320 202012141421
KTX 135 202012141330 202012141431
KTX 413 202012141345 202012141439
KTX 293 202012141355 202012141450
KTX 137 202012141400 202012141500
KTX 465 202012141435 202012141534
KTX 141 202012141500 202012141606
KTX 143 202012141540 202012141640
KTX 145 202012141600 202012141655
KTX 235 202012141611 202012141750
KTX 147 202012141630 202012141727
KTX 149 202012141700 202012141800
KTX 255 202012141715 202012141810
KTX 151 202012141725 202012141826
KTX 153 202012141800 202012141856
KTX 419 202012141805 202012141905
KTX 155 202012141815 202012141915
KTX 157 202012141830 202012141932
KTX 257 202012141840 202012141947
KTX 237 202012141855 202012142040
KTX 159 202012141900 202012142005
KTX 161 202012141935 202012142031
KTX 163 202012142000 202012142106
KTX 165 202012142030 202012142120
KTX 259 202012142050 202012142150
KTX 167 202012142100 202012142200
KTX 169 202012142130 202012142230
KTX 261 202012142135 202012142241
KTX 171 202012142200 202012142300
KTX 173 202012142230 202012142331
KTX 281 202012142300 202012150006
KTX 283 202012142330 202012150036
무궁화호 1209 202012140956 202012141204
무궁화호 1301 202012141041 202012141241
무궁화호 1211 202012141115 202012141319
무궁화호 1311 202012141205 202012141413
무궁화호 1213 202012141316 202012141511
무궁화호 1215 202012141426 202012141626
무궁화호 1217 202012141506 202012141710
무궁화호 1231 202012141544 202012141743
무궁화호 1303 202012141615 202012141817
무궁화호 1305 202012141640 202012141838
무궁화호 1313 202012141650 202012141856
무궁화호 1219 202012141740 202012141940
무궁화호 1221 202012141811 202012142011
무궁화호 1223 202012141923 202012142121
무궁화호 1315 202012142010 202012142219
무궁화호 1317 202012142255 202012150054
KTX-산천 459 202012141045 202012141151
KTX-산천 131 202012141300 202012141401
KTX-산천 461 202012141300 202012141401
KTX-산천 295 202012141415 202012141511
KTX-산천 139 202012141430 202012141530
KTX-산천 493 202012141510 202012141612
KTX-산천 415 202012141620 202012141720
KTX-산천 467 202012141620 202012141720
KTX-산천 469 202012141735 202012141835
KTX-산천 417 202012141735 202012141835
KTX-산천 421 202012142040 202012142145
KTX-산천 471 202012142040 202012142145
KTX-산천 423 202012142210 202012142305
KTX-산천 473 202012142220 202012142320
ITX-새마을 1005 202012141105 202012141248
ITX-새마을 1007 202012141145 202012141331
ITX-새마을 1009 202012141403 202012141547
ITX-새마을 1011 202012141555 202012141735
ITX-새마을 1033 202012141914 202012142059
ITX-새마을 1013 202012142025 202012142205
KTX-산천 123 202012141030 202012141133
