KTX 101 202011300515 202011300610
KTX 271 202011300520 202011300615
KTX 103 202011300530 202011300630
KTX 105 202011300600 202011300701
KTX 107 202011300635 202011300731
KTX 453 202011300645 202011300745
KTX 109 202011300700 202011300806
KTX 111 202011300730 202011300830
KTX 113 202011300750 202011300846
KTX 231 202011300757 202011300938
무궁화호 1201 202011300556 202011300803
무궁화호 1203 202011300638 202011300835
무궁화호 1205 202011300710 202011300913
무궁화호 1207 202011300810 202011301010
무궁화호 1209 202011300956 202011301204
무궁화호 1301 202011301041 202011301241
무궁화호 1211 202011301115 202011301319
무궁화호 1311 202011301205 202011301413
무궁화호 1213 202011301316 202011301511
무궁화호 1215 202011301426 202011301626
KTX-산천 401 202011300505 202011300559
KTX-산천 403 202011300540 202011300646
KTX-산천 291 202011300605 202011300711
KTX-산천 455 202011300815 202011300917
KTX-산천 457 202011300925 202011301026
KTX-산천 119 202011300935 202011301038
KTX-산천 459 202011301045 202011301151
KTX-산천 461 202011301300 202011301401
KTX-산천 295 202011301415 202011301511
KTX-산천 139 202011301430 202011301530
ITX-새마을 1001 202011300616 202011300756
ITX-새마을 1021 202011300704 202011300852
ITX-새마을 1031 202011300853 202011301037
ITX-새마을 1003 202011300916 202011301100
ITX-새마을 1005 202011301105 202011301248
ITX-새마을 1007 202011301145 202011301331
ITX-새마을 1009 202011301403 202011301547
ITX-새마을 1011 202011301555 202011301735
ITX-새마을 1033 202011301914 202011302059
ITX-새마을 1013 202011302025 202011302205
KTX-산천 123 202011301030 202011301133
