KTX 143 202012151540 202012151640
KTX 145 202012151600 202012151655
KTX 235 202012151611 202012151750
KTX 147 202012151630 202012151727
KTX 149 202012151700 202012151800
KTX 255 202012151715 202012151810
KTX 151 202012151725 202012151826
KTX 153 202012151800 202012151856
KTX 419 202012151805 202012151905
KTX 155 202012151815 202012151915
KTX 157 202012151830 202012151932
KTX 257 202012151840 202012151947
KTX 237 202012151855 202012152040
KTX 159 202012151900 202012152005
KTX 161 202012151935 202012152031
KTX 163 202012152000 202012152106
KTX 165 202012152030 202012152120
KTX 259 202012152050 202012152150
KTX 167 202012152100 202012152200
KTX 169 202012152130 202012152230
KTX 261 202012152135 202012152241
KTX 171 202012152200 202012152300
KTX 173 202012152230 202012152331
KTX 281 202012152300 202012160006
KTX 283 202012152330 202012160036
무궁화호 1231 202012151544 202012151743
무궁화호 1303 202012151615 202012151817
무궁화호 1305 202012151640 202012151838
무궁화호 1313 202012151650 202012151856
무궁화호 1219 202012151740 202012151940
무궁화호 1221 202012151811 202012152011
무궁화호 1223 202012151923 202012152121
무궁화호 1315 202012152010 202012152219
무궁화호 1317 202012152255 202012160054
KTX-산천 493 202012151510 202012151612
KTX-산천 415 202012151620 202012151720
KTX-산천 467 202012151620 202012151720
KTX-산천 469 202012151735 202012151835
KTX-산천 417 202012151735 202012151835
KTX-산천 421 202012152040 202012152145
KTX-산천 471 202012152040 202012152145
KTX-산천 423 202012152210 202012152305
KTX-산천 473 202012152220 202012152320
ITX-새마을 1011 202012151555 202012151735
ITX-새마을 1033 202012151914 202012152059
ITX-새마을 1013 202012152025 202012152205
