무궁화호 1403 202012141200 202012141329
무궁화호 1507 202012141340 202012141505
무궁화호 1405 202012141417 202012141546
무궁화호 1509 202012141556 202012141723
무궁화호 1409 202012141740 202012141907
무궁화호 1511 202012141750 202012141915
무궁화호 1513 202012141938 202012142110
무궁화호 1515 202012142200 202012142329
무궁화호 1517 202012142316 202012150041
ITX-새마을 1101 202012141109 202012141229
ITX-새마을 1113 202012141324 202012141443
ITX-새마을 1115 202012141535 202012141648
ITX-새마을 1123 202012141634 202012141749
ITX-새마을 1103 202012141914 202012142034
ITX-새마을 1117 202012142039 202012142159
