KTX 232 202012141105 202012141125
KTX 234 202012141602 202012141623
KTX 236 202012142038 202012142100
KTX 238 202012142233 202012142254
새마을호 1154 202012141126 202012141147
새마을호 1156 202012141342 202012141403
새마을호 1158 202012141723 202012141743
새마을호 1160 202012142239 202012142302
무궁화호 1502 202012141113 202012141134
무궁화호 1304 202012141132 202012141153
무궁화호 1282 202012141143 202012141203
무궁화호 1402 202012141152 202012141213
무궁화호 1206 202012141204 202012141228
무궁화호 1232 202012141220 202012141241
무궁화호 1556 202012141226 202012141248
무궁화호 1208 202012141247 202012141308
무궁화호 1442 202012141306 202012141328
무궁화호 1404 202012141336 202012141357
무궁화호 1504 202012141351 202012141412
무궁화호 1210 202012141456 202012141518
무궁화호 1212 202012141526 202012141547
무궁화호 1506 202012141552 202012141613
무궁화호 1406 202012141623 202012141644
무궁화호 1214 202012141631 202012141652
무궁화호 1560 202012141646 202012141706
무궁화호 1508 202012141655 202012141715
무궁화호 1216 202012141739 202012141800
무궁화호 1510 202012141815 202012141836
무궁화호 1218 202012141828 202012141852
무궁화호 1562 202012141851 202012141913
무궁화호 1426 202012141912 202012141936
무궁화호 1512 202012141958 202012142023
무궁화호 1308 202012142007 202012142029
무궁화호 1220 202012142029 202012142050
무궁화호 1408 202012142046 202012142107
무궁화호 1564 202012142058 202012142120
무궁화호 1514 202012142134 202012142155
무궁화호 1566 202012142145 202012142207
무궁화호 1318 202012142157 202012142218
무궁화호 1224 202012142317 202012142338
무궁화호 1568 202012142325 202012142346
무궁화호 1518 202012142339 202012150000
ITX-새마을 1114 202012141218 202012141237
ITX-새마을 1122 202012141259 202012141318
ITX-새마을 1004 202012141325 202012141344
ITX-새마을 1032 202012141402 202012141421
ITX-새마을 1102 202012141511 202012141530
ITX-새마을 1006 202012141541 202012141600
ITX-새마을 1116 202012141711 202012141730
ITX-새마을 1008 202012141747 202012141806
ITX-새마을 1010 202012141924 202012141943
ITX-새마을 1124 202012141952 202012142011
ITX-새마을 1034 202012142053 202012142112
ITX-새마을 1104 202012142106 202012142125
ITX-새마을 1012 202012142118 202012142137
ITX-새마을 1022 202012142207 202012142226
ITX-새마을 1118 202012142215 202012142234
ITX-새마을 1014 202012142332 202012142351
