KTX 235 202012141621 202012141641
KTX 237 202012141909 202012141929
새마을호 1153 202012141148 202012141208
새마을호 1157 202012141526 202012141547
새마을호 1159 202012141739 202012141759
무궁화호 1301 202012141054 202012141115
무궁화호 1211 202012141125 202012141146
무궁화호 1403 202012141133 202012141157
무궁화호 1311 202012141215 202012141236
무궁화호 1559 202012141233 202012141254
무궁화호 1507 202012141318 202012141338
무궁화호 1213 202012141328 202012141349
무궁화호 1405 202012141354 202012141415
무궁화호 1561 202012141431 202012141453
무궁화호 1215 202012141438 202012141459
무궁화호 1217 202012141518 202012141539
무궁화호 1509 202012141533 202012141554
무궁화호 1231 202012141554 202012141614
무궁화호 1303 202012141628 202012141649
무궁화호 1563 202012141634 202012141655
무궁화호 1305 202012141652 202012141713
무궁화호 1313 202012141700 202012141723
무궁화호 1409 202012141717 202012141738
무궁화호 1511 202012141728 202012141748
무궁화호 1219 202012141752 202012141813
무궁화호 1281 202012141808 202012141828
무궁화호 1221 202012141823 202012141844
무궁화호 1513 202012141916 202012141936
무궁화호 1223 202012141933 202012141956
무궁화호 1315 202012142023 202012142044
무궁화호 1567 202012142049 202012142111
무궁화호 1515 202012142133 202012142158
무궁화호 1517 202012142253 202012142315
무궁화호 1317 202012142308 202012142330
ITX-새마을 1005 202012141114 202012141134
ITX-새마을 1007 202012141154 202012141214
ITX-새마을 1113 202012141303 202012141322
ITX-새마을 1009 202012141412 202012141432
ITX-새마을 1115 202012141514 202012141533
ITX-새마을 1011 202012141604 202012141624
ITX-새마을 1123 202012141613 202012141632
ITX-새마을 1103 202012141853 202012141912
ITX-새마을 1033 202012141924 202012141943
ITX-새마을 1117 202012142018 202012142037
ITX-새마을 1013 202012142034 202012142054
